26 0.578 0.776355 0.048 0.134036
24 0.514 0.748494 0.084 0.216867
0 0.038 0.826054 0.076 0.341867
0 0.009 0.557229 0.018 0.0993976
26 0.684 0.718373 0.06 0.180723
9 0.844 0.293675 0.05 0.253012
0 0.051 0.559488 0.026 0.106928
0 0.026 0.557229 0.028 0.111446
9 0.769 0.270331 0.116 0.275602
24 0.3665 0.764307 0.131 0.314759
0 0.8735 0.737952 0.067 0.433735
5 0.5325 0.495482 0.491 0.415663
0 0.5025 0.774849 0.131 0.435241
0 0.6325 0.775602 0.079 0.445783
0 0.801 0.75 0.128 0.490964
0 0.9715 0.673946 0.057 0.329819
0 0.33 0.725904 0.21 0.527108
